	244	0	0	0	0	0	0	0	0	0	0	0	0	0	1	0	0	0	0	0	0	0	0	0	0	0	0	0	0	0	0	0	0	0	0	0	0	
	0	239	0	1	0	0	0	0	0	0	0	0	0	0	0	0	0	0	0	0	0	0	0	0	0	0	0	0	0	0	0	0	0	0	0	0	0	
	0	0	1447	0	0	0	0	0	0	0	0	0	0	0	0	0	0	0	0	0	0	0	0	0	0	0	0	0	0	0	0	0	0	0	0	0	0	
	0	0	0	1170	0	0	0	0	0	0	0	0	0	1	2	0	0	0	0	0	0	0	0	0	0	0	0	0	0	0	0	0	0	0	0	0	0	
	0	0	0	0	170	0	1	0	0	0	0	0	0	2	0	0	0	0	0	0	0	0	0	0	0	0	0	0	1	0	0	0	0	0	0	0	0	
	0	0	0	0	0	631	0	0	1	1	0	0	0	1	10	0	0	0	0	0	0	0	5	0	0	0	0	0	0	0	0	0	0	0	0	0	0	
	0	0	0	0	0	0	999	6	0	10	0	0	0	8	9	0	0	0	0	0	1	0	0	0	0	0	0	0	0	0	0	1	0	0	0	0	0	
	0	0	0	0	0	0	0	2496	10	0	0	0	0	3	60	0	0	0	1	0	0	0	3	0	0	0	0	0	0	0	0	0	0	0	0	0	0	
	0	0	0	0	0	2	0	8	2980	2	0	0	0	3	24	0	0	0	0	0	0	0	23	0	0	5	0	0	0	0	0	2	1	1	0	0	0	
	0	0	4	0	0	0	37	43	10	1296	0	0	0	194	137	0	1	0	1	0	8	0	10	0	0	2	0	3	0	2	14	1	0	0	0	0	0	
	0	0	0	0	0	0	1	1	0	2	111	0	0	8	4	0	0	0	0	0	1	0	3	7	0	0	0	0	0	0	0	0	0	0	0	0	0	
	0	0	0	0	0	0	0	0	1	1	0	43	0	12	0	0	0	0	0	0	0	0	0	0	0	0	0	0	0	0	0	0	0	0	0	0	0	
	0	0	0	0	0	0	0	1	0	0	0	0	298	2	3	0	0	0	0	0	1	0	0	0	0	0	0	0	0	0	0	0	0	0	0	0	0	
	0	0	1	0	0	1	53	16	12	77	0	0	0	3669	199	0	12	1	0	0	2	0	0	0	0	0	0	3	1	10	3	0	0	0	0	0	0	
	0	0	0	0	0	0	1	12	0	7	0	0	0	9	2599	0	0	0	0	0	0	0	0	0	0	0	0	0	0	0	0	0	0	0	0	0	0	
	0	0	0	0	0	0	0	0	0	0	0	0	0	0	82	0	0	0	0	0	0	0	0	0	0	0	0	0	0	0	0	0	0	0	0	0	0	
	0	0	3	0	0	0	43	13	5	4	0	0	0	220	94	4	1387	1	0	0	2	0	0	0	0	0	2	1	0	0	2	0	16	0	0	0	0	
	0	0	0	0	0	1	14	1	0	3	0	0	0	3	14	0	0	132	0	0	0	0	1	0	0	0	0	0	0	0	1	0	0	0	0	0	0	
	0	0	0	0	0	0	0	1	0	1	0	0	0	0	0	0	0	0	6	0	0	0	1	0	0	0	0	0	0	0	0	0	0	0	0	0	0	
	0	8	0	0	0	0	0	0	0	0	0	0	0	0	0	0	0	0	0	272	0	0	0	0	0	0	0	0	0	0	0	0	15	0	0	0	0	
	0	0	0	0	0	0	1	0	0	0	0	0	0	2	53	0	0	0	0	0	449	0	0	0	0	0	0	0	0	0	0	0	0	0	0	0	0	
	0	0	0	0	0	0	0	0	0	0	0	0	0	1	1	0	0	0	0	0	0	219	0	0	0	0	0	0	0	0	0	0	0	0	0	0	0	
	0	0	1	0	0	1	10	17	63	32	0	0	0	29	34	0	1	4	0	0	1	0	751	0	0	11	1	1	0	0	0	0	0	0	0	0	0	
	0	0	0	0	0	0	1	0	0	1	31	0	0	0	1	0	0	0	0	0	0	0	2	10	0	0	0	0	0	0	0	0	0	0	0	0	0	
	0	0	0	0	0	0	0	0	0	0	0	6	0	0	0	0	0	0	0	0	0	0	0	0	6	0	0	0	0	0	0	0	0	0	0	0	0	
	0	0	0	0	0	0	0	0	25	1	0	0	0	0	0	0	0	0	0	0	0	0	15	0	0	26	0	0	0	0	0	0	0	0	0	0	0	
	0	0	0	0	0	0	0	0	0	0	0	0	0	0	3	0	0	0	0	0	0	0	0	0	0	0	672	0	0	0	0	0	0	0	0	0	0	
	0	0	3	0	0	0	24	9	11	11	0	0	0	82	25	0	0	0	0	0	1	0	11	0	0	0	0	667	2	0	1	15	1	0	0	0	0	
	0	0	7	0	0	0	7	1	17	2	0	0	0	7	5	0	2	0	0	0	0	0	0	0	0	0	0	3	637	0	107	2	2	0	0	0	0	
	0	0	1	0	0	0	18	16	33	17	0	0	0	53	10	0	3	0	0	0	3	0	1	0	0	0	0	2	0	302	3	0	3	0	0	0	0	
	0	0	3	0	0	0	33	12	4	16	0	0	0	33	11	0	9	0	0	0	4	0	1	0	0	0	0	3	53	0	443	1	0	0	0	0	0	
	0	0	4	0	0	0	7	1	8	2	0	0	0	28	11	0	4	1	0	0	0	0	5	0	0	0	0	63	7	0	3	284	1	0	0	0	0	
	0	0	4	0	0	0	4	7	16	2	0	0	0	9	17	0	25	0	0	0	1	0	1	0	0	0	0	0	3	0	1	1	615	0	0	0	0	
	0	0	0	0	0	0	0	5	42	0	0	0	0	0	0	0	0	0	0	0	0	0	1	0	0	0	0	0	0	0	0	0	0	88	0	0	0	
	0	0	0	0	0	0	0	1	0	1	0	0	0	0	5	0	0	0	0	0	0	0	0	0	0	0	0	0	0	0	0	0	0	1	53	0	0	
	0	0	0	0	0	0	0	0	1	0	0	0	0	0	4	0	0	0	0	0	0	0	0	0	0	0	0	0	0	0	0	0	0	0	0	51	0	
	0	0	0	0	0	0	0	0	0	0	0	0	0	0	0	0	0	0	0	0	0	0	0	0	0	0	0	0	0	0	0	0	0	0	0	0	247	
accuracy = 0.893884079135
count = 28761.0
used = 28761
             precision    recall  f1-score   support

          $       1.00      1.00      1.00       245
         ''       0.97      1.00      0.98       240
          ,       0.98      1.00      0.99      1447
          .       1.00      1.00      1.00      1173
          :       1.00      0.98      0.99       174
         CC       0.99      0.97      0.98       649
         CD       0.80      0.97      0.87      1034
         DT       0.94      0.97      0.95      2573
         IN       0.92      0.98      0.95      3051
         JJ       0.87      0.74      0.80      1763
        JJR       0.78      0.80      0.79       138
        JJS       0.88      0.75      0.81        57
         MD       1.00      0.98      0.99       305
         NN       0.84      0.90      0.87      4060
        NNP       0.76      0.99      0.86      2628
       NNPS       0.00      0.00      0.00        82
        NNS       0.96      0.77      0.86      1797
        OTH       0.95      0.78      0.85       170
        PDT       0.75      0.67      0.71         9
        POS       1.00      0.92      0.96       295
        PRP       0.95      0.89      0.92       505
       PRP$       1.00      0.99      1.00       221
         RB       0.90      0.78      0.84       957
        RBR       0.59      0.22      0.32        46
        RBS       1.00      0.50      0.67        12
         RP       0.59      0.39      0.47        67
         TO       1.00      1.00      1.00       675
         VB       0.89      0.77      0.83       863
        VBD       0.90      0.80      0.85       799
        VBG       0.96      0.65      0.78       465
        VBN       0.77      0.71      0.74       626
        VBP       0.93      0.66      0.77       429
        VBZ       0.94      0.87      0.90       706
        WDT       0.98      0.65      0.78       136
         WP       1.00      0.87      0.93        61
        WRB       1.00      0.91      0.95        56
         ``       1.00      1.00      1.00       247

avg / total       0.90      0.89      0.89     28761
